0 0.011161393334070086 77000 17894.0 0.017419830633471505 0.075
1 0.010609801675588674 154196 18082.0 0.038832235587315314 0.075
2 0.011815743144192998 231127 18084.0 0.10515474404292653 0.075
3 0.025886995169713593 308097 18102.0 0.22020191745289017 0.075
4 0.04999021560257998 384916 18106.0 0.2921954072680111 0.075
5 0.06372616682174054 461654 18106.0 0.3144724461511075 0.075
6 0.0652770615593237 538433 18122.0 0.3243140146987768 0.075
7 0.06143203306904127 614919 18122.0 0.3368512066729395 0.075
8 0.05705570883535516 691401 18126.0 0.3497444243826768 0.075
0 0.013767605003175483 77354 17894.0 0.006535615288762302 0.075
1 0.01178531720940651 154335 18082.0 0.07054395646313862 0.075
2 0.0324872725422536 231189 18084.0 0.22421992218294637 0.075
3 0.06582734718166072 308067 18102.0 0.2927548762810569 0.075
4 0.07449677851082687 384873 18106.0 0.3044528647356509 0.075
5 0.06857776525494103 461669 18106.0 0.3078605396332935 0.075
6 0.05733683041624231 538121 18122.0 0.3161508531902449 0.075
7 0.04695212442238883 614580 18122.0 0.3288151972128271 0.075
8 0.04008804279295956 690935 18126.0 0.3458535717010401 0.075
9 0.03696596463742323 767300 18126.0 0.36739312870330343 0.075
10 0.03685582528006735 843848 18142.0 0.38855122956030824 0.075
11 0.0389235160647727 920044 18146.0 0.4094804567301579 0.075
12 0.04162781388466441 996015 18146.0 0.4205172545329705 0.075
13 0.04348130019270784 1072181 18162.0 0.4308420008646339 0.075
14 0.043911521363427644 1148315 18162.0 0.4423111156320728 0.075
15 0.04334895004332415 1224489 18166.0 0.45774737431020013 0.075
16 0.04266262613313164 1300206 18170.0 0.47885461434783716 0.075
17 0.04258869283619007 1375900 18182.0 0.4942908730259645 0.075
18 0.04341873496852755 1451850 18186.0 0.5064720392645525 0.075
19 0.044904234971474374 1527370 18186.0 0.521857437123312 0.075
20 0.04664875042927695 1602882 18202.0 0.5346489331943137 0.075
21 0.04852931331280601 1678157 18202.0 0.5450754011647128 0.075
22 0.050053023497886 1753575 18206.0 0.5546626656155431 0.075
23 0.051141281277169603 1828880 18210.0 0.5668438318541311 0.075
24 0.051760716649495275 1904181 18222.0 0.5759987793403352 0.075
25 0.052037628366499306 1979139 18226.0 0.5894260356534343 0.075
26 0.05222212488460188 2053932 18226.0 0.5988861480558452 0.075
27 0.05236133689664544 2128811 18242.0 0.6067695750578542 0.075
28 0.052742637914759985 2203876 18242.0 0.6139663809983978 0.075
29 0.05324503186277951 2278648 18246.0 0.623858810365435 0.075
30 0.05375352072828489 2353438 18250.0 0.6290720443506345 0.075
31 0.054200285738278536 2427899 18262.0 0.6395239427307174 0.075
32 0.05463124450396898 2502533 18266.0 0.6448388983546525 0.075
33 0.05494866780852342 2577217 18266.0 0.6513745136434148 0.075
34 0.055200090797315166 2651759 18282.0 0.6574778119675508 0.075
35 0.055449226902120174 2726079 18282.0 0.663530249472319 0.075
36 0.055704875465792475 2800346 18286.0 0.6700150039417135 0.075
37 0.05601916238130139 2874242 18290.0 0.6751773771075452 0.075
38 0.05643967875601228 2948357 18302.0 0.6834422602548127 0.075
39 0.05689811264564379 3022208 18306.0 0.6877654299010757 0.075
40 0.05735876771767736 3095914 18306.0 0.6930040942959591 0.075
41 0.05773087705227181 3169691 18322.0 0.6969203773872797 0.075
42 0.05810298510622764 3243406 18322.0 0.7016504335884851 0.075
43 0.05831351708828304 3317070 18326.0 0.7050581084861277 0.075
44 0.05860216608040811 3390873 18326.0 0.7106782290262696 0.075
45 0.05897871588996737 3464281 18342.0 0.7155862980952623 0.075
46 0.05919918987909904 3537829 18346.0 0.7207995320804618 0.075
47 0.059632772064000375 3611013 18346.0 0.7275131602370114 0.075
48 0.05997778332472265 3684314 18362.0 0.7271825649111208 0.075
49 0.060419137605473065 3757440 18362.0 0.7341250667548255 0.075
50 0.06085542567618997 3830726 18366.0 0.737278437555629 0.075
51 0.06120562613019957 3903673 18366.0 0.7418559112987311 0.075
52 0.06150023793881278 3976600 18382.0 0.7446278259542761 0.075
53 0.061739965381800654 4049462 18386.0 0.7480863616712865 0.075
54 0.062014442463601785 4122271 18386.0 0.7473997406098212 0.075
55 0.06226141920960693 4194939 18402.0 0.7525112529562851 0.075
56 0.06250666060470511 4267877 18402.0 0.7576736261221169 0.075
57 0.06275315716888777 4340818 18406.0 0.7614627571650179 0.075
58 0.06307451133630879 4413232 18406.0 0.7625562647814256 0.075
59 0.06336640985310556 4485740 18422.0 0.7646161279658216 0.075
60 0.06368064986338881 4558260 18422.0 0.7663962566436945 0.075
61 0.06399126125587924 4630752 18428.0 0.7719400859547847 0.075
62 0.06431379372824979 4703047 18432.0 0.7735930625842382 0.075
63 0.06447450137830407 4775499 18444.0 0.7732878976680314 0.075
64 0.06460409357547786 4847620 18448.0 0.7794674872212192 0.075
65 0.06487812147929005 4919578 18448.0 0.7802303995117361 0.075
66 0.0651033631025558 4991594 18464.0 0.7826208580220227 0.075
67 0.06540724905868832 5063520 18464.0 0.7836635048190627 0.075
68 0.06556603381031435 5135193 18468.0 0.7865371411133434 0.075
69 0.0658080147677308 5206888 18468.0 0.789410777407624 0.075
70 0.06606993498998648 5278609 18484.0 0.7917503750985428 0.075
71 0.06628617752224997 5350194 18484.0 0.7913180581339165 0.075
72 0.0664655050152332 5421525 18488.0 0.7964295704803804 0.075
73 0.0666590421627497 5492914 18492.0 0.7976502301452076 0.075
74 0.06694779601365934 5564350 18504.0 0.7977265213742594 0.075
75 0.06717876574407625 5635919 18508.0 0.8004984360298044 0.075
76 0.06740041905169511 5707144 18508.0 0.8039569717468148 0.075
77 0.06749897935879368 5778318 18524.0 0.8063219998474176 0.075
78 0.06771160977677437 5849433 18524.0 0.8072883554154058 0.075
79 0.06793734117255715 5920620 18530.0 0.8089159016351753 0.075
80 0.0680075400207036 5991598 18530.0 0.8093990794191694 0.075
81 0.06820063803307681 6062129 18546.0 0.8124761589909213 0.075
82 0.06836840063418187 6132712 18546.0 0.8144088701268978 0.075
83 0.06855434668520695 6203445 18550.0 0.815375225694886 0.075
84 0.06877407936879526 6273787 18550.0 0.8165704549500292 0.075
85 0.06887609647442516 6344379 18570.0 0.8172570760114946 0.075
86 0.06903152678481517 6414761 18574.0 0.8204104468122981 0.075
87 0.06917877771965508 6485022 18574.0 0.8210207766447117 0.075
88 0.06934405572105057 6555204 18590.0 0.8215293848383898 0.075
89 0.06949378859805605 6625100 18590.0 0.8241741474455153 0.075
90 0.06965392634587098 6694953 18594.0 0.825801693665285 0.075
91 0.06981229966609832 6765364 18594.0 0.8279887088981004 0.075
92 0.06991312968419325 6835191 18610.0 0.8286498995498818 0.075
93 0.07005903593299365 6904761 18610.0 0.8306843323245937 0.075
94 0.07029874189512841 6974535 18614.0 0.8320830048572082 0.075
95 0.07030441850441406 7044414 18614.0 0.8310149276504845 0.075
96 0.07041020004255626 7114160 18630.0 0.8318032703506854 0.075
97 0.07051605242297351 7183870 18630.0 0.8350075019708567 0.075
98 0.07068246451856112 7253638 18634.0 0.834193728860972 0.075
99 0.07081816942560566 7323087 18634.0 0.8361010095872644 0.075
100 0.07095415968795032 7392615 18650.0 0.8364824657325229 0.075
101 0.07098353384583934 7462091 18654.0 0.8390255067009129 0.075
102 0.07107407418177422 7531168 18654.0 0.8403987488238436 0.075
103 0.07113126158440236 7600175 18658.0 0.8409582178368894 0.075
104 0.0713446296966786 7669519 18670.0 0.842306029550136 0.075
105 0.07146837372140696 7738647 18674.0 0.83978841899143 0.075
106 0.07155304323885246 7807712 18674.0 0.843857284540854 0.075
107 0.0716549795703464 7876711 18690.0 0.8450016529766294 0.075
108 0.0716876181665164 7945343 18690.0 0.8445947664216871 0.075
109 0.07178381379448591 8014392 18694.0 0.8465274775576634 0.075
110 0.07192719303692582 8083034 18694.0 0.8472649594384966 0.075
111 0.07203609976423801 8151605 18710.0 0.8484601886936398 0.075
112 0.07206276920555606 8220167 18710.0 0.8484856191033238 0.075
113 0.07214237823999947 8288766 18714.0 0.8489687968873179 0.075
114 0.07231119930054433 8357009 18714.0 0.8491976705744729 0.075
115 0.07235806621993304 8425536 18730.0 0.8524019021946444 0.075
116 0.07247881597819229 8493720 18730.0 0.8522238893268571 0.075
117 0.0725369250281149 8562012 18734.0 0.8532919665335809 0.075
118 0.07256648132581645 8630262 18734.0 0.8557587162729191 0.075
119 0.07265722660685103 8698278 18750.0 0.8547160694758793 0.075
120 0.07272299753775897 8766424 18754.0 0.8559621595503903 0.075
121 0.07273235133440924 8834503 18754.0 0.8548686519339826 0.075
122 0.07287747326011351 8902422 18758.0 0.8577931490476312 0.075
123 0.07302768010280318 8969933 18770.0 0.8573862624926888 0.075
124 0.07306980892455742 9037941 18774.0 0.8593698344480329 0.075
125 0.07322220389063114 9105703 18774.0 0.8602090379676016 0.075
126 0.07321906690337028 9173352 18778.0 0.8610482414871704 0.075
127 0.07325534577461736 9241023 18790.0 0.860870228619383 0.075
128 0.07335793011970038 9308579 18794.0 0.8630572438521985 0.075
129 0.07342702576677622 9376008 18794.0 0.8620654578745264 0.075
130 0.07344832312323989 9443470 18810.0 0.8617094321389518 0.075
131 0.07360872608641805 9510695 18810.0 0.8633369783587214 0.075
132 0.07363572103998316 9577880 18814.0 0.8641507514686062 0.075
133 0.07372800603700247 9645321 18814.0 0.8647102204816519 0.075
134 0.07370867259650193 9712357 18830.0 0.8645830684332324 0.075
135 0.07383020890550325 9779499 18830.0 0.865193398265646 0.075
136 0.073867358086765 9846369 18834.0 0.8672786918597258 0.075
137 0.07395898753916474 9913165 18834.0 0.8666175012079445 0.075
138 0.07400338985087064 9979519 18850.0 0.8675329959565649 0.075
139 0.07407562117481024 10046324 18850.0 0.8678381608727717 0.075
140 0.07410885373353975 10112926 18854.0 0.8662360450626859 0.075
141 0.07416438240276921 10179677 18854.0 0.8678890216921394 0.075
142 0.07424582846375113 10246365 18870.0 0.8689825293085471 0.075
143 0.07433444874120522 10312930 18870.0 0.8698725936474837 0.075
144 0.07438058635009215 10379589 18874.0 0.8689570988988633 0.075
145 0.07445150235408922 10446093 18874.0 0.8697200111893802 0.075
146 0.07454227992434641 10512744 18890.0 0.8699488848765353 0.075
147 0.07456693469050729 10578938 18890.0 0.8709152404445235 0.075
148 0.07458986853273994 10644981 18894.0 0.8718561656028279 0.075
149 0.07461653333820899 10711199 18894.0 0.8728479515805 0.075
150 0.07466523147719727 10777166 18910.0 0.873102255677339 0.075
151 0.07478350944300363 10843052 18910.0 0.8745772194390051 0.075
152 0.07482110786071342 10909132 18914.0 0.8738143071484882 0.075
153 0.07493334327138249 10975145 18914.0 0.8736871551000687 0.075
154 0.07497669220550696 11040869 18930.0 0.8746535106680569 0.075
155 0.07493467878278381 11106357 18930.0 0.8745263586196373 0.075
156 0.07499700563919576 11172027 18934.0 0.8758487399232001 0.075
157 0.07509390088681855 11237641 18934.0 0.875899600742568 0.075
158 0.07518950919662912 11303047 18950.0 0.8763319177071942 0.075
159 0.07523393849572309 11368375 18950.0 0.8773999949139181 0.075
160 0.07524875387254269 11433699 18954.0 0.8764336393459299 0.075
161 0.07527899668180943 11498870 18954.0 0.8776542990107571 0.075
162 0.0753612009244904 11564207 18970.0 0.8776288686010731 0.075
163 0.07538974100339439 11629189 18970.0 0.8776797294204409 0.075
164 0.07544275252966072 11693945 18974.0 0.8803244920275666 0.075
165 0.0755360301523571 11758841 18974.0 0.8801719095694631 0.075
166 0.07555204721515385 11823688 18990.0 0.878696945807797 0.075
167 0.0754539775913325 11888580 18990.0 0.8808076698115607 0.075
168 0.07561904505419245 11953706 18994.0 0.8802736312081988 0.075
169 0.07571806519635635 12018708 18994.0 0.8808076698115607 0.075
170 0.07570181156656594 12083352 19010.0 0.8822063423441752 0.075
171 0.0757055880399348 12147958 19010.0 0.8823589248022785 0.075
172 0.07580046482116495 12212631 19014.0 0.8828421025862727 0.075
173 0.07581194428423205 12277335 19014.0 0.881494290873026 0.075
174 0.07594482475389275 12341835 19030.0 0.8823589248022785 0.075
175 0.07595612268847463 12406116 19030.0 0.8828929634056405 0.075
176 0.07602171040693578 12470472 19034.0 0.8836050148767897 0.075
177 0.07609650373567012 12534692 19034.0 0.8833761411896346 0.075
178 0.07606024972129771 12598934 19054.0 0.8843424967576228 0.075
179 0.07606397598340742 12663247 19054.0 0.8841136230704677 0.075
180 0.07619097981970772 12727595 19058.0 0.8853597131449787 0.075
181 0.07626403580608787 12791626 19058.0 0.8844696488060423 0.075
182 0.07631234792316882 12855809 19074.0 0.8851308394578237 0.075
183 0.07618901179871353 12919590 19074.0 0.8872161330519035 0.075
184 0.076283601609976 12983505 19078.0 0.885283421915927 0.075
185 0.07633213000622086 13047779 19078.0 0.8872924242809551 0.075
186 0.07645951006785823 13111185 19094.0 0.8843424967576228 0.075
187 0.07646162124306971 13175161 19094.0 0.8866312336291737 0.075
188 0.07648212310060204 13239160 19098.0 0.888360501487679 0.075
189 0.07652525622993014 13302914 19098.0 0.8874704371487425 0.075
190 0.07653159537417312 13366368 19102.0 0.8876738804262136 0.075
191 0.07658191819357257 13429570 19114.0 0.8888945400910409 0.075
192 0.07658614736500527 13492759 19118.0 0.8882842102586272 0.075
193 0.07670445441455584 13556206 19118.0 0.8874958675584264 0.075
194 0.07670506929841106 13619627 19122.0 0.8887928184523053 0.075
195 0.07667241899309771 13682649 19134.0 0.8902423518042876 0.075
196 0.07675530156568502 13745554 19134.0 0.8890471225491443 0.075
197 0.07677376255666497 13808872 19138.0 0.8907255295882817 0.075
198 0.07677670305359226 13872174 19138.0 0.8903695038527071 0.075
199 0.07685833008410625 13935017 19154.0 0.8901914909849198 0.075
200 0.07689010141055816 13997757 19154.0 0.8893522874653511 0.075
201 0.07682020832468812 14060865 19158.0 0.891412150649747 0.075
202 0.07690325205289421 14123887 19158.0 0.8911069857335402 0.075
203 0.07700908803124511 14186655 19174.0 0.890140630165552 0.075
204 0.07695416376653227 14249349 19174.0 0.8912341377819597 0.075
205 0.07696293800863993 14311961 19178.0 0.8920479108918444 0.075
206 0.0770503245137569 14374509 19178.0 0.8927091015436258 0.075
207 0.07712578844091804 14436690 19194.0 0.892912544821097 0.075
208 0.07719039425506766 14499209 19194.0 0.8938534699794014 0.075
209 0.07714289673476153 14561730 19198.0 0.8935483050631946 0.075
210 0.07715650368313662 14624154 19198.0 0.8936500267019302 0.075
211 0.07720091510992406 14686243 19214.0 0.8946163822699184 0.075
212 0.07728313827588527 14748312 19214.0 0.8927853927726775 0.075
213 0.07728010922295786 14810355 19218.0 0.8946163822699184 0.075
214 0.07732645327218171 14872642 19218.0 0.8944129389924471 0.075
215 0.07724315080472517 14934706 19222.0 0.892912544821097 0.075
216 0.0772918819064676 14996645 19234.0 0.8942349261246598 0.075
217 0.07739054176861233 15058279 19238.0 0.8936754571116141 0.075
218 0.07749844393481564 15119900 19238.0 0.8949215471861252 0.075
219 0.07746910736731816 15181686 19238.0 0.8945400910408666 0.075
220 0.07747380044851937 15243345 19254.0 0.8951504208732802 0.075
221 0.0774969250548608 15305118 19254.0 0.8952775729216997 0.075
222 0.07751570609237195 15366850 19258.0 0.8958116115250617 0.075
223 0.07753960346713552 15428228 19258.0 0.8962184980800041 0.075
224 0.07761846352918553 15489844 19274.0 0.896727106273682 0.075
225 0.07764855035140222 15551420 19274.0 0.8957607507056938 0.075
226 0.07759785929670414 15612696 19278.0 0.8958879027541133 0.075
227 0.07763554582844463 15674121 19278.0 0.8956081682475905 0.075
228 0.07771111430046881 15735323 19294.0 0.8954301553798032 0.075
229 0.07774255443529234 15796283 19294.0 0.8973374361060956 0.075
230 0.07768550105245924 15857354 19298.0 0.8971848536479923 0.075
231 0.07775349925793412 15918686 19298.0 0.8972357144673601 0.075
232 0.0778311981578183 15979611 19302.0 0.8973120056964118 0.075
233 0.07781053525261608 16040775 19314.0 0.8982275004450322 0.075
234 0.0778351511102649 16101667 19314.0 0.8978460442997737 0.075
235 0.07786969634260388 16162401 19318.0 0.8991175647839686 0.075
236 0.07790863093200569 16223039 19318.0 0.8986343869999746 0.075
237 0.07796488256805022 16283825 19334.0 0.8990158431452331 0.075
238 0.07798906299609593 16344303 19334.0 0.8982020700353482 0.075
239 0.07794841935824509 16404825 19338.0 0.898024057167561 0.075
240 0.0778824640919191 16465293 19338.0 0.8989904127355491 0.075
241 0.07792175251445 16525932 19354.0 0.9000839203519568 0.075
242 0.07797412301098659 16586349 19354.0 0.8994227297001754 0.075
243 0.07799608235046346 16646356 19358.0 0.8982783612644 0.075
244 0.07803299698588735 16706965 19358.0 0.899549881748595 0.075
245 0.07802333206184672 16767260 19362.0 0.899804185845434 0.075
246 0.07809623242673597 16827671 19374.0 0.8996261729776467 0.075
247 0.0780891340185022 16887867 19374.0 0.9001602115810086 0.075
248 0.07805782560883834 16947858 19378.0 0.9004908069068993 0.075
249 0.07805956461878101 17007789 19378.0 0.8992447168323882 0.075
250 0.07809115212434493 17067814 19394.0 0.9009485542812095 0.075
251 0.07804732285404208 17127701 19394.0 0.9022200747654044 0.075
252 0.07815736250337106 17187664 19398.0 0.9013554408361518 0.075
253 0.07812400625250951 17247574 19398.0 0.9011774279683645 0.075
254 0.0782118511169568 17307168 19414.0 0.9012282887877324 0.075
255 0.0781499100144657 17366926 19414.0 0.9018640490298299 0.075
256 0.07819240620841258 17426689 19418.0 0.9014825928845713 0.075
257 0.07823450843485226 17486556 19418.0 0.9011519975586807 0.075
258 0.07817282706634573 17546178 19418.0 0.9015588841136231 0.075
259 0.0783384724318904 17606067 19434.0 0.9007451110037382 0.075
260 0.07829400819196045 17665496 19434.0 0.9002873636294281 0.075
261 0.07833037334075135 17724830 19438.0 0.9023217964041401 0.075
262 0.07833630793267246 17784215 19438.0 0.9015080232942553 0.075
263 0.07831005969886852 17843452 19454.0 0.9025506700912952 0.075
264 0.07832059975768396 17902490 19454.0 0.9005416677262671 0.075
265 0.07830489492072858 17961633 19458.0 0.9021183531266689 0.075
266 0.07846272326988277 18021051 19458.0 0.9022200747654044 0.075
267 0.07844558965301032 18080175 19462.0 0.9027032525493985 0.075
268 0.07843132633237006 18139508 19474.0 0.902576100500979 0.075
269 0.07841315158840773 18198475 19474.0 0.9021692139460367 0.075
270 0.0784323750119651 18257201 19478.0 0.9028049741881342 0.075
271 0.07843803813952702 18315940 19478.0 0.9046105332756911 0.075
272 0.0784477573599599 18374499 19494.0 0.903110139104341 0.075
273 0.07841433980021663 18433473 19494.0 0.9034153040205478 0.075
274 0.07845146358725277 18491968 19498.0 0.9037458993464385 0.075
275 0.0785086190304671 18550437 19498.0 0.904635963685375 0.075
276 0.07844419116622339 18608967 19502.0 0.9036441777077029 0.075
277 0.07852751736714833 18667356 19514.0 0.9035933168883351 0.075
278 0.07851799759847816 18725671 19514.0 0.9041782163110648 0.075
279 0.07851729766408401 18784222 19518.0 0.9035170256592834 0.075
280 0.07855587397551811 18842683 19518.0 0.9044833812272716 0.075
281 0.07860624266084465 18900905 19538.0 0.9037713297561224 0.075
282 0.07853899872634798 18959327 19538.0 0.903110139104341 0.075
283 0.0786088355857362 19017574 19542.0 0.9046105332756911 0.075
284 0.07855769477320722 19075625 19542.0 0.9049665590112657 0.075
285 0.07867453019222088 19133654 19546.0 0.9037204689367546 0.075
286 0.07864037848717283 19191559 19558.0 0.9050682806500012 0.075
287 0.07867488090818384 19249632 19558.0 0.9053225847468402 0.075
288 0.07864991411986308 19307332 19562.0 0.9039493426239097 0.075
289 0.07860736391443474 19365083 19562.0 0.9043053683594843 0.075
290 0.07869164708711104 19422705 19578.0 0.9050682806500012 0.075
291 0.07861198926637483 19480496 19578.0 0.904635963685375 0.075
292 0.07870027720041069 19538557 19582.0 0.9051700022887369 0.075
293 0.0787317892475864 19596504 19582.0 0.9055514584339954 0.075
294 0.07869578660821198 19653742 19586.0 0.9055260280243115 0.075
295 0.07867656436814069 19711235 19598.0 0.9048394069628461 0.075
296 0.07871199613469432 19768856 19598.0 0.9056023192533632 0.075
297 0.07872182183468501 19826556 19602.0 0.90590748416957 0.075
298 0.07866421989200884 19883981 19602.0 0.9065178140019836 0.075
299 0.07875594127885321 19941454 19618.0 0.9058057625308343 0.075
300 0.07874400468684595 19998506 19618.0 0.9061363578567251 0.075
301 0.07878010127709115 20055740 19622.0 0.9063652315438802 0.075
302 0.07875727548940875 20113019 19622.0 0.9067466876891387 0.075
303 0.07879260580238233 20170156 19626.0 0.9060346362179895 0.075
304 0.07865846919745066 20226936 19638.0 0.9057294713017827 0.075
305 0.07868771826625089 20284077 19638.0 0.9059583449889378 0.075
306 0.07873958162018531 20340904 19642.0 0.9070518526053455 0.075
307 0.07870694343033342 20397833 19642.0 0.9069501309666099 0.075
308 0.07884960573493649 20454695 19658.0 0.9062126490857768 0.075
309 0.07879084941987455 20511538 19658.0 0.9068484093278742 0.075
310 0.0787673179593698 20568324 19662.0 0.9081453602217532 0.075
311 0.07879190324432218 20625352 19662.0 0.9056786104824148 0.075
312 0.07883266276757253 20681902 19662.0 0.9088319812832185 0.075
313 0.07879513506725364 20738628 19678.0 0.9076367520280751 0.075
314 0.07888216694206275 20795104 19678.0 0.9065941052310352 0.075
315 0.0788046908568864 20851100 19682.0 0.9070772830150293 0.075
316 0.07887020973744858 20907536 19682.0 0.9067212572794547 0.075
317 0.07883252217845997 20964097 19686.0 0.9078401953055464 0.075
318 0.07882556335517328 21020289 19698.0 0.9075604607990235 0.075
319 0.07885487924389945 21076609 19698.0 0.9075095999796556 0.075
320 0.07895113491546024 21132978 19702.0 0.906899270147242 0.075
321 0.0790066381301057 21189074 19702.0 0.9093151590672126 0.075
322 0.07879429196925097 21245254 19718.0 0.908196221041121 0.075
323 0.07893388681121224 21301407 19718.0 0.9082979426798565 0.075
324 0.07892642562961295 21357409 19722.0 0.9075858912087074 0.075
325 0.0789465584903456 21413462 19722.0 0.9080436385830176 0.075
326 0.0789987467711035 21469464 19722.0 0.9071281438343972 0.075
327 0.07895606369441595 21525250 19738.0 0.9070009917859777 0.075
328 0.07901171159800713 21581013 19738.0 0.9083742339089083 0.075
329 0.07896085197008637 21637006 19742.0 0.9083233730895405 0.075
330 0.07895571162773021 21692640 19742.0 0.9072552958828167 0.075
331 0.07888751314903544 21748341 19746.0 0.908704829234799 0.075
332 0.07897838819313349 21804026 19758.0 0.908196221041121 0.075
333 0.07898486850753601 21859724 19758.0 0.9086539684154312 0.075
334 0.0789766273376725 21915739 19762.0 0.9091371461994253 0.075
335 0.07892107657268298 21971378 19762.0 0.9088065508735346 0.075
336 0.07895226146414223 22026767 19778.0 0.9090099941510058 0.075
337 0.078943883174798 22082033 19778.0 0.9091117157897414 0.075
338 0.07895817613022432 22137212 19782.0 0.9087811204638506 0.075
339 0.07896951391457195 22192454 19782.0 0.9088319812832185 0.075
340 0.07895141655100024 22247872 19782.0 0.9104086666836203 0.075
341 0.07896951391457195 22302874 19798.0 0.9090608549703736 0.075
342 0.07909265302002304 22357665 19798.0 0.9093660198865804 0.075
343 0.07899156074124038 22412785 19802.0 0.9092897286575287 0.075
344 0.07898169871655436 22468112 19802.0 0.9099000584899423 0.075
345 0.07911438434175826 22523175 19802.0 0.9086539684154312 0.075
346 0.07904279430297007 22577798 19818.0 0.9097474760318389 0.075
347 0.07904928034998032 22632894 19818.0 0.9094931719349999 0.075
348 0.07908475233122017 22687633 19822.0 0.909467741525316 0.075
349 0.07905781179187985 22742629 19822.0 0.9104849579126719 0.075
350 0.0790280618433067 22797555 19826.0 0.9103069450448846 0.075
351 0.07901417799476579 22852561 19838.0 0.9090354245606896 0.075
352 0.07902073196909448 22907012 19838.0 0.9104595275029881 0.075
353 0.07898733399583094 22961516 19842.0 0.9102052234061491 0.075
354 0.07899127895058657 23016033 19842.0 0.9102815146352008 0.075
355 0.07905823486461158 23070588 19858.0 0.9096203239834194 0.075
356 0.0790507609417327 23125197 19858.0 0.9109172748772982 0.075
357 0.07909582764565425 23179442 19858.0 0.90995091930931 0.075
358 0.07910111899639685 23233880 19862.0 0.9100780713577296 0.075
359 0.07900952714490185 23287965 19862.0 0.9093914502962642 0.075
360 0.07906874195988275 23342145 19878.0 0.9089082725122701 0.075
361 0.07903898754451373 23396400 19878.0 0.9107646924191949 0.075
362 0.07908037910466459 23450986 19882.0 0.9110189965160339 0.075
363 0.0790879971531146 23505253 19882.0 0.9104086666836203 0.075
364 0.07915002930981661 23559782 19882.0 0.9109172748772982 0.075
365 0.07912497013056666 23613936 19898.0 0.9104340970933041 0.075
366 0.07912087677605653 23667890 19898.0 0.9105866795514076 0.075
367 0.0790745955636609 23721892 19902.0 0.911222439793505 0.075
368 0.07907297343351372 23775791 19902.0 0.9107138315998271 0.075
369 0.0791224999752592 23829740 19902.0 0.9113495918419245 0.075
370 0.07911530171576917 23883729 19918.0 0.9100526409480457 0.075
371 0.07911142059716104 23937436 19918.0 0.9104849579126719 0.075
372 0.0790919475664843 23991548 19922.0 0.9101035017674135 0.075
373 0.07902016816317105 24044797 19922.0 0.9111461485644534 0.075
374 0.07912934604037641 24098334 19922.0 0.9105103883223559 0.075
375 0.07903398266498582 24151898 19938.0 0.9114258830709763 0.075
376 0.07902940103464914 24205326 19938.0 0.9114004526612923 0.075
377 0.07906070283790859 24258725 19942.0 0.9102815146352008 0.075
378 0.07906620319382829 24311828 19942.0 0.91099356610635 0.075
379 0.07915002930981661 24365025 19946.0 0.9113495918419245 0.075
380 0.079093993400608 24418348 19958.0 0.9113241614322407 0.075
381 0.07902672267658879 24471614 19958.0 0.91099356610635 0.075
382 0.0790718450164793 24524700 19962.0 0.9111715789741373 0.075
383 0.0791595611262218 24577582 19962.0 0.9118327696259186 0.075
384 0.07913887514285942 24630618 19966.0 0.9116038959387636 0.075
385 0.07911572512306284 24683959 19978.0 0.9116038959387636 0.075
386 0.0791595611262218 24737154 19978.0 0.9112987310225568 0.075
387 0.07914939389986726 24790011 19982.0 0.9107646924191949 0.075
388 0.07914318129547174 24843341 19982.0 0.9111970093838212 0.075
389 0.07908926690543647 24896025 19986.0 0.9113495918419245 0.075
390 0.07912031219352983 24949270 19998.0 0.9106884011901432 0.075
391 0.07914692291402223 25002265 19998.0 0.9117056175774991 0.075
392 0.07918491478734693 25055071 20002.0 0.9120870737227577 0.075
393 0.07910104844252097 25107760 20002.0 0.9120107824937059 0.075
394 0.07915878441288092 25160856 20006.0 0.9113241614322407 0.075
395 0.07920264642558868 25213430 20022.0 0.9119599216743381 0.075
396 0.07914529916909105 25266082 20022.0 0.911222439793505 0.075
397 0.07910380009443244 25318398 20026.0 0.9114513134806602 0.075
398 0.07904223032619617 25371205 20026.0 0.9113495918419245 0.075
399 0.07917234278452681 25423649 20030.0 0.9124430994583322 0.075
400 0.07916528081669046 25476579 20042.0 0.9110698573354017 0.075
401 0.07911791276671234 25529371 20042.0 0.9129771380616942 0.075
402 0.07914671111914684 25581654 20046.0 0.9127991251939068 0.075
403 0.07917213091549585 25634042 20046.0 0.9118073392162348 0.075
404 0.0790721976449205 25686377 20050.0 0.9120107824937059 0.075
405 0.0790463192568221 25738375 20062.0 0.9120107824937059 0.075
406 0.07914791129827091 25790698 20062.0 0.9119853520840221 0.075
407 0.0791322399319518 25843137 20066.0 0.9118836304452864 0.075
408 0.07911135003328576 25895291 20066.0 0.9122905170002289 0.075
409 0.07918216006111065 25947180 20070.0 0.9118836304452864 0.075
410 0.07917304901909514 25999193 20082.0 0.9117310479871831 0.075
411 0.07922490541271866 26051008 20082.0 0.9119090608549704 0.075
412 0.07913739275593627 26102886 20086.0 0.9131297205197976 0.075
413 0.0791033767565903 26154787 20086.0 0.9117819088065509 0.075
414 0.07915108833875013 26206503 20090.0 0.9125448210970679 0.075
415 0.07912722863175625 26258211 20102.0 0.9138672024006307 0.075
416 0.07913231051611215 26309871 20102.0 0.9138417719909467 0.075
417 0.07914988810712315 26361702 20106.0 0.9117819088065509 0.075
418 0.07919925517957187 26413268 20106.0 0.9123668082292806 0.075
419 0.07924307098242964 26464792 20110.0 0.9114258830709763 0.075
420 0.07912214710278338 26516334 20122.0 0.9115530351193958 0.075
421 0.07909378175992637 26567912 20122.0 0.9139943544490502 0.075
422 0.0791404987441955 26619630 20126.0 0.913282302977901 0.075
423 0.079198901933894 26671340 20126.0 0.9132568725682171 0.075
424 0.0792300648199131 26722923 20130.0 0.9123159474099127 0.075
425 0.07922709634900778 26774391 20142.0 0.9131042901101136 0.075
426 0.07917763971127507 26825444 20142.0 0.9138163415812629 0.075
427 0.07910069567416605 26876441 20146.0 0.9122905170002289 0.075
428 0.07907494820543598 26927445 20146.0 0.9119853520840221 0.075
429 0.07909801469060829 26978647 20146.0 0.9130025684713781 0.075
430 0.07911360811125535 27029786 20162.0 0.9131551509294815 0.075
431 0.07904949186124278 27081005 20162.0 0.9151641532945096 0.075
432 0.07917707468733987 27132092 20166.0 0.9131551509294815 0.075
433 0.07912849906952624 27182903 20166.0 0.9122905170002289 0.075
434 0.07913555746165521 27233551 20166.0 0.9138926328103145 0.075
435 0.07909067776735317 27284372 20182.0 0.9128245556035908 0.075
436 0.07912892255371762 27335344 20182.0 0.9126211123261195 0.075
437 0.07914819369624125 27385796 20186.0 0.9130025684713781 0.075
438 0.07913294577664791 27436488 20186.0 0.9125702515067518 0.075
439 0.07902975345751559 27487544 20186.0 0.9116038959387636 0.075
440 0.07905329916909393 27538182 20202.0 0.9133331637972688 0.075
441 0.07903003539704025 27588914 20202.0 0.9141469369071535 0.075
442 0.0790845407174291 27639405 20202.0 0.9141215064974697 0.075
443 0.0791765096678009 27689783 20206.0 0.9134603158456883 0.075
444 0.0791436754604596 27740374 20206.0 0.9118582000356026 0.075
445 0.07917064784959459 27790914 20222.0 0.9151387228848257 0.075
446 0.07916160886485743 27841570 20222.0 0.913790911171579 0.075
447 0.07916450404216098 27892004 20222.0 0.9139943544490502 0.075
448 0.0792035649153303 27941973 20226.0 0.9134857462553722 0.075
449 0.07905224156360345 27992291 20226.0 0.9127991251939068 0.075
450 0.07905513238835568 28042213 20230.0 0.9137146199425272 0.075
451 0.07918364336224434 28092212 20242.0 0.9133840246166366 0.075
452 0.07912179423201939 28142381 20242.0 0.9146555451008316 0.075
453 0.07908693904311247 28192448 20246.0 0.914274088955573 0.075
454 0.07910859809559567 28242414 20246.0 0.9134094550263204 0.075
455 0.07909512216131331 28292134 20246.0 0.914045215268418 0.075
456 0.07904110238574988 28341760 20262.0 0.9130788597004298 0.075
457 0.07903546294563439 28391701 20262.0 0.9130534292907458 0.075
458 0.07907981483651827 28441607 20266.0 0.9138672024006307 0.075
459 0.07902897812945861 28491643 20266.0 0.914045215268418 0.075
460 0.07899938086658931 28541533 20266.0 0.912265086590545 0.075
461 0.07910083678130445 28591339 20282.0 0.9143503801846248 0.075
462 0.07917636841360236 28640764 20282.0 0.9138163415812629 0.075
463 0.0790477997883442 28690703 20286.0 0.9137400503522112 0.075
464 0.07903997446277833 28740266 20286.0 0.914045215268418 0.075
465 0.07910852753446326 28789904 20286.0 0.9132314421585331 0.075
466 0.07914360486525779 28839525 20302.0 0.914299519365257 0.075
467 0.07904201883602849 28889166 20302.0 0.9137654807618951 0.075
468 0.07902587689977192 28938800 20302.0 0.9157236223075553 0.075
469 0.07906415814114784 28988208 20306.0 0.9138926328103145 0.075
470 0.07906260676021436 29037624 20306.0 0.913282302977901 0.075
471 0.07909695643483436 29087339 20310.0 0.9149607100170384 0.075
472 0.07897986734459297 29136802 20322.0 0.914299519365257 0.075
473 0.07912094734918156 29186173 20322.0 0.913282302977901 0.075
474 0.07903250241442752 29235357 20326.0 0.913790911171579 0.075
475 0.07912094734918156 29284831 20326.0 0.9149607100170384 0.075
476 0.07916295051803597 29334251 20326.0 0.9137400503522112 0.075
477 0.07914932329910455 29383161 20342.0 0.9138926328103145 0.075
478 0.07913908691488748 29432299 20342.0 0.9141977977265213 0.075
479 0.07917749845487851 29481422 20346.0 0.9158507743559748 0.075
480 0.07907156291495768 29530481 20346.0 0.9142232281362053 0.075
481 0.07906761360847758 29579622 20346.0 0.9132568725682171 0.075
482 0.07905506187906743 29628824 20362.0 0.9146301146911476 0.075
483 0.07899987405577927 29677421 20362.0 0.9131805813391654 0.075
484 0.07905294663222323 29725835 20362.0 0.9136637591231594 0.075
485 0.07903038782297692 29774666 20366.0 0.9140706456781019 0.075
486 0.07900917481988827 29823664 20366.0 0.9138926328103145 0.075
487 0.07893909601288597 29872408 20370.0 0.914299519365257 0.075
488 0.07905647207778488 29921160 20382.0 0.9144775322330443 0.075
489 0.0790217186399618 29969762 20382.0 0.914553823462096 0.075
490 0.07903757768448606 30018457 20386.0 0.9137654807618951 0.075
491 0.07916337420313732 30066778 20386.0 0.9148335579686189 0.075
492 0.07899141984577882 30115299 20386.0 0.9145283930524121 0.075
493 0.07900205821946514 30163899 20402.0 0.9136383287134756 0.075
494 0.07909039559278248 30212292 20402.0 0.9144266714136765 0.075
495 0.07905604901530203 30260692 20402.0 0.9138417719909467 0.075
496 0.07913259285344348 30309038 20406.0 0.9156473310785037 0.075
497 0.07909053667993254 30357225 20406.0 0.9133585942069526 0.075
498 0.07898881332883993 30405219 20410.0 0.914274088955573 0.075
499 0.07906888300503669 30453570 20422.0 0.9142486585458892 0.075
500 0.07906394658725596 30501797 20422.0 0.9154184573913485 0.075
501 0.07898268485897539 30550106 20426.0 0.9147572667395671 0.075
502 0.07902319867132196 30598255 20426.0 0.9152658749332452 0.075
503 0.07914508737895207 30646002 20426.0 0.9154947486204003 0.075
504 0.07906049129405955 30693915 20442.0 0.9153930269816647 0.075
505 0.07900036724830772 30741906 20442.0 0.9153930269816647 0.075
506 0.07908178979417897 30789699 20446.0 0.9157236223075553 0.075
507 0.07900839971086032 30837593 20446.0 0.9151132924751417 0.075
508 0.07912744036984382 30885288 20446.0 0.9140960760877858 0.075